0 0.24257075116315696 November 0.24257075116315696
1 0.16958062956955422 August 0.16958062956955422
2 -0.14893611063791978 January 0.14893611063791978
3 0.2453418317743082 July 0.2453418317743082
4 0.21756819735228627 March 0.21756819735228627
5 0.15684817127358405 August 0.15684817127358405
6 0.13794553754613773 July 0.13794553754613773
7 0.20686786238053795 August 0.20686786238053795
8 0.2527052732059914 November 0.2527052732059914
9 0.19850069435436388 November 0.19850069435436388
10 0.23457851003081887 November 0.23457851003081887
11 0.20549221891704972 August 0.20549221891704972
12 0.13543053210918973 August 0.13543053210918973
13 0.23458736861876978 March 0.23458736861876978
14 0.19355002482271141 May 0.19355002482271141
15 0.1675211679585195 July 0.1675211679585195
16 0.12939265978013148 September 0.12939265978013148
17 0.20400383288556434 August 0.20400383288556434
18 0.22473401583997296 August 0.22473401583997296
19 0.2648488231380957 August 0.2648488231380957
20 0.2229437861132347 August 0.2229437861132347
21 0.24314990510775586 March 0.24314990510775586
22 0.22262692180294888 July 0.22262692180294888
23 0.22221123569184584 November 0.22221123569184584
24 0.20575847358664212 November 0.20575847358664212
25 0.1788357901463187 August 0.1788357901463187
26 0.2422080113799132 August 0.2422080113799132
27 0.3378227849870267 November 0.3378227849870267
28 0.21124013094251284 May 0.21124013094251284
29 0.20461944557427197 December 0.20461944557427197
30 0.18502524339806944 July 0.18502524339806944
31 0.2032353259825681 March 0.2032353259825681
32 0.23624790199480306 November 0.23624790199480306
33 0.14928956368136473 March 0.14928956368136473
34 0.16022906610278026 August 0.16022906610278026
35 0.2330205165898109 August 0.2330205165898109
36 0.1601794916628311 May 0.1601794916628311
37 0.21979046867991606 November 0.21979046867991606
38 0.15324663757663795 August 0.15324663757663795
39 0.27359212135461414 November 0.27359212135461414
40 0.23320125913740816 May 0.23320125913740816
41 0.14523225200341675 August 0.14523225200341675
42 0.28364508584062165 November 0.28364508584062165
43 -0.2225289044930637 November 0.2225289044930637
44 0.24463182474897235 November 0.24463182474897235
45 -0.13969902294771966 February 0.13969902294771966
46 0.1970456998724462 August 0.1970456998724462
47 0.2525114963597915 July 0.2525114963597915
48 0.22143791633758877 August 0.22143791633758877
49 0.22430340156457473 November 0.22430340156457473
50 0.2169544853911374 July 0.2169544853911374
51 0.28827054789052964 August 0.28827054789052964
52 0.22343859498814972 August 0.22343859498814972
53 -0.15011234083760686 February 0.15011234083760686
54 0.3044225678724701 August 0.3044225678724701
55 0.19479519425014719 November 0.19479519425014719
56 0.20080722846454566 August 0.20080722846454566
57 0.2451757549039707 August 0.2451757549039707
58 0.15364802279295053 March 0.15364802279295053
59 0.15715245397073385 February 0.15715245397073385
60 0.201649643130914 August 0.201649643130914
61 0.22986140804256008 August 0.22986140804256008
62 0.1700636585116422 August 0.1700636585116422
63 0.1562606453788711 August 0.1562606453788711
64 0.17404679902754988 May 0.17404679902754988