0 0.21965586262776596 August 0.21965586262776596
1 0.20248827172654027 August 0.20248827172654027
2 0.37527441119123534 April 0.37527441119123534
3 -0.2877130699535815 November 0.2877130699535815
4 -0.20837280236017053 July 0.20837280236017053
5 0.22119926403990642 July 0.22119926403990642
6 0.2853074177430913 May 0.2853074177430913
7 0.21985624594079844 November 0.21985624594079844
8 0.24218491599576944 October 0.24218491599576944
9 0.460743083771374 April 0.460743083771374
10 0.17831880963017457 July 0.17831880963017457
11 0.23389822278896025 April 0.23389822278896025
12 0.23252653698367265 April 0.23252653698367265
13 -0.3706228126957418 October 0.3706228126957418
14 0.23901543201214742 January 0.23901543201214742
15 0.23424387093097965 August 0.23424387093097965
16 0.226531473440228 July 0.226531473440228
17 0.3464734656418063 April 0.3464734656418063
18 0.27414209893315583 April 0.27414209893315583
19 -0.21159196824163026 March 0.21159196824163026
20 0.32770894575780135 May 0.32770894575780135
21 0.2769462763055482 November 0.2769462763055482
22 0.2623826228651859 April 0.2623826228651859
23 0.2512118591727565 November 0.2512118591727565
24 0.1726651794456525 March 0.1726651794456525
25 0.3272783936763084 August 0.3272783936763084
26 -0.27900947884056376 January 0.27900947884056376
27 0.15274077835805627 July 0.15274077835805627
28 0.2870057967122524 November 0.2870057967122524
29 -0.23015867390804812 April 0.23015867390804812
30 0.415811251658631 November 0.415811251658631
31 0.25441740324335793 September 0.25441740324335793
32 0.35166201901108746 November 0.35166201901108746
33 0.22011695305805296 April 0.22011695305805296
34 0.2736337436204629 November 0.2736337436204629
35 0.25674902194205595 November 0.25674902194205595
36 0.269795392472113 April 0.269795392472113
37 -0.33576860685400917 November 0.33576860685400917
38 0.34235083144394457 March 0.34235083144394457
39 -0.2476769889593257 December 0.2476769889593257
40 0.4715722618667378 April 0.4715722618667378
41 -0.2061095347737254 December 0.2061095347737254
42 0.2583417002854934 October 0.2583417002854934
43 0.25837641319752225 March 0.25837641319752225
44 0.3765175601317818 April 0.3765175601317818
45 -0.22382369572452707 February 0.22382369572452707
46 0.3183199766347918 November 0.3183199766347918
47 0.2979180967866863 May 0.2979180967866863
48 0.17907932567814216 November 0.17907932567814216
49 -0.11964488253190456 February 0.11964488253190456
50 0.2400731170316727 March 0.2400731170316727
51 0.3121688708091664 August 0.3121688708091664
52 0.35917092735216805 April 0.35917092735216805
53 -0.19774893767263024 November 0.19774893767263024
54 -0.2208669030442548 February 0.2208669030442548
55 -0.20571659978178866 December 0.20571659978178866
56 0.2784219035186135 May 0.2784219035186135
57 -0.4125888531800291 November 0.4125888531800291
58 -0.2505391518368688 February 0.2505391518368688
59 0.3362408040835276 April 0.3362408040835276
60 0.28172545902480706 February 0.28172545902480706
61 -0.16603149483589041 December 0.16603149483589041
62 0.26928361695063124 April 0.26928361695063124
63 -0.28574495629584773 August 0.28574495629584773
64 0.3029249387848408 April 0.3029249387848408