0 -0.19498021633565982 March 0.19498021633565982
1 0.19312916797956567 May 0.19312916797956567
2 0.22024690030008595 November 0.22024690030008595
3 -0.2184663752563198 April 0.2184663752563198
4 0.20052825101284738 November 0.20052825101284738
5 -0.20414755940745577 April 0.20414755940745577
6 0.1705366324552369 September 0.1705366324552369
7 0.16934934707546642 December 0.16934934707546642
8 -0.17088608369405586 April 0.17088608369405586
9 -0.17185207991245122 April 0.17185207991245122
10 0.20116139612824335 February 0.20116139612824335
11 0.14073572806721632 November 0.14073572806721632
12 0.25793730569598244 November 0.25793730569598244
13 0.19897396660326616 May 0.19897396660326616
14 -0.2059563873368704 April 0.2059563873368704
15 -0.18111350617892227 April 0.18111350617892227
16 0.19440513630100614 August 0.19440513630100614
17 0.2651730578215216 November 0.2651730578215216
18 0.14562064951562587 November 0.14562064951562587
19 0.15353409374453386 May 0.15353409374453386
20 -0.2562968299961233 April 0.2562968299961233
21 -0.21063512169434395 April 0.21063512169434395
22 0.25446039054512626 November 0.25446039054512626
23 -0.21455965668325758 April 0.21455965668325758
24 0.25938970333936434 May 0.25938970333936434
25 0.2214263477351199 December 0.2214263477351199
26 0.23700404914907242 November 0.23700404914907242
27 0.2037036641700577 November 0.2037036641700577
28 -0.20548700334156816 April 0.20548700334156816
29 -0.26520563719625734 April 0.26520563719625734
30 0.27991155070986196 November 0.27991155070986196
31 -0.118410825186302 April 0.118410825186302
32 0.1595351198524093 September 0.1595351198524093
33 0.16344459197467498 February 0.16344459197467498
34 0.3280761546823715 November 0.3280761546823715
35 -0.25191173421477314 April 0.25191173421477314
36 0.172286592142547 May 0.172286592142547
37 0.1753005012097597 November 0.1753005012097597
38 0.1697551926599744 May 0.1697551926599744
39 0.13792088499244423 December 0.13792088499244423
40 0.25957741581569915 November 0.25957741581569915
41 0.1803287705083278 May 0.1803287705083278
42 0.20190180553272066 November 0.20190180553272066
43 0.2247217723213026 November 0.2247217723213026
44 0.19180287484239836 May 0.19180287484239836
45 0.14330316346273683 November 0.14330316346273683
46 -0.1322031795448013 April 0.1322031795448013
47 -0.1849251776798235 April 0.1849251776798235
48 0.17375214156297783 December 0.17375214156297783
49 0.3013521052753233 November 0.3013521052753233
50 0.2043605500293102 December 0.2043605500293102
51 -0.19879683646284338 April 0.19879683646284338
52 -0.12098319522983336 April 0.12098319522983336
53 0.17009010963212015 December 0.17009010963212015
54 0.2146785464553892 November 0.2146785464553892
55 0.19685834464727417 November 0.19685834464727417
56 0.18932871856983605 May 0.18932871856983605
57 -0.18186151078235932 April 0.18186151078235932
58 0.20421258039671636 November 0.20421258039671636
59 0.18184070867286367 August 0.18184070867286367
60 0.24257645354182816 November 0.24257645354182816
61 0.21754362685361403 May 0.21754362685361403
62 0.1720185670137113 November 0.1720185670137113
63 0.1520933367545464 November 0.1520933367545464
64 0.19803663273976482 November 0.19803663273976482